0;25;42;16;12;62
25;0;10;27;32;50
42;10;0;11;34;23
16;27;11;0;28;54
12;32;34;28;0;11
62;50;23;54;11;0